1512042076996 lifecam22 2600.04174805 5145.07763672 6.02233457565
1512042077065 lifecam22 2608.85595703 5145.95117188 6.05283546448
1512042077129 lifecam22 2611.28857422 5148.51806641 6.07934951782
1512042077403 lifecam22 2608.91064453 5150.72216797 6.0586605072
1512042077463 lifecam22 2609.11621094 5152.6015625 6.04457569122
1512042077522 lifecam22 2608.91552734 5151.36914062 6.05449771881
1512042077593 lifecam22 2609.20410156 5151.84960938 6.04771089554
1512042077662 lifecam22 2609.73510742 5150.74169922 6.06408023834
1512042077808 lifecam22 2612.51293945 5150.70751953 6.04698848724
1512042077862 lifecam22 2613.54833984 5150.90380859 6.04528093338
1512042077930 lifecam22 2614.12084961 5150.96923828 6.03961086273
1512042077993 lifecam22 2613.69506836 5150.6640625 6.04276943207
1512042078065 lifecam22 2612.52368164 5151.4296875 6.05015277863
1512042078268 lifecam22 2608.77148438 5150.29492188 6.06675386429
1512042078339 lifecam22 2608.6628418 5150.70947266 6.06656932831
1512042078398 lifecam22 2608.9855957 5150.28076172 6.06509447098
1512042078468 lifecam22 2609.29589844 5150.7890625 6.05814170837
1512042078540 lifecam22 2608.94848633 5150.09960938 6.06553411484
1512042078860 lifecam22 2608.20629883 5151.23583984 6.06132888794
1512042078937 lifecam22 2608.82446289 5150.80371094 6.06620645523
1512042079002 lifecam22 2608.54101562 5150.96289062 6.06397485733
1512042079143 lifecam22 2608.7578125 5149.95947266 6.07253217697
1512042079198 lifecam22 2609.25854492 5150.359375 6.06543111801
1512042079276 lifecam22 2609.19189453 5150.02929688 6.06783914566
1512042079339 lifecam22 2609.02880859 5150.25732422 6.06948661804
1512042079405 lifecam22 2608.99194336 5150.12109375 6.06610679626
1512042079608 lifecam22 2609.37182617 5150.18017578 6.06853199005
1512042079727 lifecam22 2609.86767578 5150.80175781 6.07192993164
1512042079865 lifecam22 2606.49975586 5151.13720703 6.06358766556
1512042080081 lifecam22 2609.50366211 5149.22265625 6.07706451416
1512042080268 lifecam22 2609.50366211 5149.22265625 6.07706451416
1512042080337 lifecam22 2608.87695312 5149.28417969 6.06574249268
1512042080610 lifecam22 2564.91552734 5155.46679688 5.98641824722
1512042080741 lifecam22 2545.05639648 5159.05761719 5.93222141266
1512042081731 lifecam22 2412.62890625 5223.26855469 5.30503559113
1512042082144 lifecam22 2374.49365234 5268.23583984 4.98293828964
1512042082345 lifecam22 2353.07763672 5292.81494141 4.97829961777
1512042082811 lifecam22 2340.23876953 5321.21630859 4.81637907028
1512042082881 lifecam22 2340.04492188 5321.20507812 4.81939649582
1512042082947 lifecam22 2340.04492188 5321.20507812 4.81939649582
1512042083082 lifecam22 2340.04492188 5321.20507812 4.81939649582
1512042083219 lifecam22 2340.04492188 5321.20507812 4.81939649582
1512042083277 lifecam22 2340.04492188 5321.20507812 4.81939649582
1512042083337 lifecam22 2340.23876953 5321.21630859 4.81637907028
1512042083405 lifecam22 2339.86450195 5321.18603516 4.81895208359
1512042083476 lifecam22 2340.05810547 5321.19775391 4.81593751907
1512042083679 lifecam22 2340.04492188 5321.20507812 4.81939649582
1512042083747 lifecam22 2340.05810547 5321.19775391 4.81593751907
1512042083812 lifecam22 2340.02246094 5321.38964844 4.81807947159
1512042083874 lifecam22 2340.20800781 5321.20556641 4.81333351135
1512042083935 lifecam22 2340.04492188 5321.20507812 4.81939649582
1512042084283 lifecam22 2340.04492188 5321.20507812 4.81939649582
1512042084350 lifecam22 2339.86450195 5321.18603516 4.81895208359
1512042084412 lifecam22 2340.23876953 5321.21630859 4.81637907028
1512042084748 lifecam22 2340.23876953 5321.21630859 4.81637907028
1512042084873 lifecam22 2340.04492188 5321.20507812 4.81939649582
1512042085075 lifecam22 2340.05810547 5321.19775391 4.81593751907
1512042085151 lifecam22 2339.86450195 5321.18603516 4.81895208359
1512042085207 lifecam22 2340.23876953 5321.21630859 4.81637907028
1512042085341 lifecam22 2340.23876953 5321.21630859 4.81637907028
1512042085472 lifecam22 2339.84228516 5321.37158203 4.81763410568
1512042085549 lifecam22 2340.05810547 5321.19775391 4.81593751907
1512042085611 lifecam22 2340.05810547 5321.19775391 4.81593751907
1512042085674 lifecam22 2340.05810547 5321.19775391 4.81593751907
1512042085744 lifecam22 2339.86450195 5321.18603516 4.81895208359
1512042085948 lifecam22 2340.04492188 5321.20507812 4.81939649582
1512042086012 lifecam22 2340.05810547 5321.19775391 4.81593751907
1512042086087 lifecam22 2340.23876953 5321.21630859 4.81637907028
1512042086212 lifecam22 2340.04492188 5321.20507812 4.81939649582
1512042086416 lifecam22 2340.05810547 5321.19775391 4.81593751907
1512042086480 lifecam22 2340.23876953 5321.21630859 4.81637907028
1512042086553 lifecam22 2340.23876953 5321.21630859 4.81637907028
