1512041965888 lifecam22 2574.17529297 5150.01025391 6.14300441742
1512041965961 lifecam22 2574.07714844 5149.10253906 6.15008115768
1512041966020 lifecam22 2574.25708008 5149.06982422 6.1462521553
1512041966092 lifecam22 2573.95410156 5148.30566406 6.18370580673
1512041966298 lifecam22 2574.68701172 5147.62988281 6.18707561493
1512041966429 lifecam22 2575.12402344 5148.26757812 6.15704679489
1512041966497 lifecam22 2574.84472656 5148.30615234 6.1599111557
1512041966566 lifecam22 2574.65576172 5148.33105469 6.15913963318
1512041966644 lifecam22 2574.67333984 5148.50732422 6.15784597397
1512041966888 lifecam22 2574.82226562 5148.99755859 6.15180826187
1512041966956 lifecam22 2574.64257812 5149.03076172 6.15564966202
1512041967103 lifecam22 2575.0012207 5148.96582031 6.14839792252
1512041967169 lifecam22 2574.80273438 5148.81835938 6.15313577652
1512041967234 lifecam22 2574.67333984 5148.50732422 6.15784597397
1512041967299 lifecam22 2574.66967773 5148.44433594 6.15951967239
1512041967370 lifecam22 2574.78125 5148.65332031 6.15184164047
1512041967513 lifecam22 2574.67333984 5148.50732422 6.15784597397
1512041967567 lifecam22 2574.65283203 5148.28222656 6.16044378281
1512041967626 lifecam22 2574.66967773 5148.44433594 6.15951967239
1512041967708 lifecam22 2574.85839844 5148.41943359 6.16029167175
1512041967770 lifecam22 2574.66967773 5148.44433594 6.15951967239
1512041967910 lifecam22 2574.62597656 5148.85205078 6.15698480606
1512041967965 lifecam22 2574.66967773 5148.44433594 6.15951967239
1512041968023 lifecam22 2574.62597656 5148.85205078 6.15698480606
1512041968106 lifecam22 2574.64257812 5149.03076172 6.15564966202
1512041968170 lifecam22 2574.64257812 5149.03076172 6.15564966202
1512041968435 lifecam22 2574.82226562 5148.99755859 6.15180826187
1512041968492 lifecam22 2574.82226562 5148.99755859 6.15180826187
1512041968559 lifecam22 2575.0012207 5148.96582031 6.14839792252
1512041968641 lifecam22 2574.82226562 5148.99755859 6.15180826187
1512041968835 lifecam22 2574.82006836 5148.99121094 6.14796066284
1512041968972 lifecam22 2575.0012207 5148.96582031 6.14839792252
1512041969243 lifecam22 2574.78125 5148.65332031 6.15184164047
1512041969305 lifecam22 2574.60424805 5148.68603516 6.15569400787
1512041969369 lifecam22 2574.81225586 5148.65966797 6.15779829025
1512041969505 lifecam22 2575.97705078 5148.69677734 6.15328407288
1512041969645 lifecam22 2577.06298828 5147.14941406 6.16103744507
1512041969762 lifecam22 2573.70922852 5148.59228516 6.15275239944
1512041969894 lifecam22 2577.06298828 5147.32324219 6.15406703949
1512041970174 lifecam22 2576.68383789 5147.17724609 6.15192270279
1512041970242 lifecam22 2569.86254883 5146.90332031 6.14216518402
1512041970505 lifecam22 2522.1184082 5149.43457031 5.99771356583
1512041970641 lifecam22 2502.68432617 5151.63427734 5.93524265289
1512041970703 lifecam22 2491.45214844 5152.89355469 5.89978313446
1512041971045 lifecam22 2444.07250977 5166.50976562 5.71937656403
1512041971104 lifecam22 2434.84423828 5169.97949219 5.67994785309
1512041971170 lifecam22 2424.76245117 5174.84765625 5.65537786484
1512041971503 lifecam22 2383.85595703 5202.56152344 5.39723014832
1512041971575 lifecam22 2375.8984375 5209.0703125 5.36102104187
1512041972163 lifecam22 2320.02514648 5276.10253906 4.93435811996
1512041972369 lifecam22 2306.99487305 5302.57958984 4.8151845932
1512041972576 lifecam22 2299.9296875 5303.52392578 4.85631942749
