1512041984653 lifecam22 2496.62744141 5114.83300781 6.19090652466
1512041984792 lifecam22 2496.04785156 5114.20019531 6.20346498489
1512041984853 lifecam22 2496.01855469 5113.77392578 6.2100687027
1512041984914 lifecam22 2495.81884766 5113.78466797 6.21767425537
1512041984983 lifecam22 2495.02856445 5113.33642578 6.23200321198
1512041985056 lifecam22 2495.01806641 5113.70800781 6.22669506073
1512041985260 lifecam22 2495.02880859 5113.3359375 6.23200273514
1512041985331 lifecam22 2495.21948242 5113.328125 6.23413228989
1512041985400 lifecam22 2495.21972656 5113.328125 6.23413181305
1512041985458 lifecam22 2495.79589844 5113.26074219 6.22420597076
1512041985517 lifecam22 2495.21972656 5113.328125 6.23413181305
1512041985666 lifecam22 2495.21972656 5113.328125 6.23413181305
1512041985734 lifecam22 2495.22167969 5113.16748047 6.23581123352
1512041985781 lifecam22 2495.60742188 5113.15332031 6.24134635925
1512041985851 lifecam22 2495.21972656 5113.328125 6.23413181305
1512041985936 lifecam22 2495.41357422 5113.16015625 6.23836517334
1512041986130 lifecam22 2495.21972656 5113.328125 6.23413181305
1512041986205 lifecam22 2495.21044922 5113.69628906 6.22881555557
1512041986263 lifecam22 2495.21899414 5113.49121094 6.23283481598
1512041986332 lifecam22 2495.21044922 5113.69628906 6.22881555557
1512041986404 lifecam22 2495.21044922 5113.69628906 6.22881555557
1512041986471 lifecam22 2495.21899414 5113.49121094 6.23283481598
1512041986533 lifecam22 2495.41162109 5113.484375 6.2353887558
1512041986598 lifecam22 2495.21899414 5113.49121094 6.23283481598
1512041986664 lifecam22 2495.21044922 5113.69628906 6.22881555557
1512041986730 lifecam22 2495.21044922 5113.69628906 6.22881555557
1512041986930 lifecam22 2495.2109375 5113.53271484 6.23011016846
1512041986997 lifecam22 2495.4230957 5113.67919922 6.22886419296
1512041987071 lifecam22 2495.21948242 5113.328125 6.23413228989
1512041987137 lifecam22 2495.2109375 5113.53271484 6.23011016846
1512041987204 lifecam22 2495.03027344 5113.33740234 6.23243522644
1512041987331 lifecam22 2495.98999023 5113.47167969 6.22426748276
1512041987405 lifecam22 2495.60400391 5113.28369141 6.22766256332
1512041987467 lifecam22 2496.01293945 5113.25683594 6.22877120972
1512041987537 lifecam22 2496.21069336 5113.24951172 6.2314081192
1512041987602 lifecam22 2496.0 5112.90771484 6.24472475052
1512041987738 lifecam22 2495.21972656 5113.328125 6.23413181305
1512041987786 lifecam22 2495.02856445 5113.33642578 6.23200321198
1512041987872 lifecam22 2495.60888672 5113.85058594 6.23695659637
1512041987938 lifecam22 2496.0 5113.265625 6.24596834183
1512041988002 lifecam22 2496.0 5113.265625 6.24596834183
1512041988135 lifecam22 2496.0 5113.265625 6.24596834183
1512041988202 lifecam22 2496.0 5113.265625 6.24596834183
1512041988259 lifecam22 2496.0 5113.265625 6.24596834183
1512041988332 lifecam22 2496.19140625 5113.24755859 6.24434804916
1512041988398 lifecam22 2497.38427734 5113.1328125 6.22912931442
1512041988592 lifecam22 2497.90161133 5112.52636719 6.22075796127
1512041988661 lifecam22 2498.76782227 5112.96582031 6.22090196609
1512041988728 lifecam22 2499.20166016 5111.74755859 6.22059392929
1512041988791 lifecam22 2498.24609375 5112.8359375 6.2212395668
1512041988861 lifecam22 2494.84179688 5113.18554688 6.23198223114
1512041989071 lifecam22 2498.9609375 5111.65625 6.24584150314
1512041989140 lifecam22 2498.9609375 5111.65625 6.24584150314
1512041989196 lifecam22 2498.9609375 5111.65625 6.24584150314
1512041989269 lifecam22 2498.45629883 5111.47167969 6.23362541199
1512041989340 lifecam22 2491.59155273 5111.09228516 6.23272848129
1512041989474 lifecam22 2467.65258789 5110.21142578 6.20483732224
1512041989587 lifecam22 2443.58056641 5109.21337891 6.14900493622
1512041989726 lifecam22 2423.56347656 5109.67285156 6.09720754623
1512041989805 lifecam22 2413.23974609 5109.48974609 6.05631971359
1512041989868 lifecam22 2403.40087891 5110.63476562 6.0214509964
1512041989935 lifecam22 2393.39941406 5111.50927734 5.99250555038
1512041990007 lifecam22 2382.21484375 5112.95166016 5.95616340637
1512041990068 lifecam22 2373.91308594 5113.67773438 5.8982257843
1512041990340 lifecam22 2333.43164062 5123.22265625 5.76810026169
1512041990398 lifecam22 2322.98779297 5126.58105469 5.73934555054
1512041990675 lifecam22 2289.59057617 5144.01464844 5.57816267014
1512041990873 lifecam22 2264.50878906 5160.69189453 5.42251014709
