1512041900127 lifecam22 2283.35766602 5166.02832031 6.19895887375
1512041900247 lifecam22 2283.23242188 5165.63671875 6.18930006027
1512041900331 lifecam22 2283.26123047 5165.97070312 6.1899805069
1512041900392 lifecam22 2283.36328125 5164.92773438 6.20428371429
1512041900458 lifecam22 2283.71337891 5165.18310547 6.19664669037
1512041900536 lifecam22 2283.57275391 5164.74462891 6.20266771317
1512041900603 lifecam22 2282.86083984 5164.64746094 6.19564294815
1512041900656 lifecam22 2283.56030273 5164.57275391 6.20284795761
1512041900792 lifecam22 2283.01538086 5165.91455078 6.19954586029
1512041900855 lifecam22 2283.57275391 5164.74462891 6.20266771317
1512041900924 lifecam22 2283.55712891 5165.23388672 6.20861816406
1512041900991 lifecam22 2283.54101562 5165.8671875 6.20191335678
1512041901050 lifecam22 2283.98144531 5166.24755859 6.19919776917
1512041901201 lifecam22 2284.51074219 5166.0234375 6.20485687256
1512041901264 lifecam22 2284.85791016 5165.18261719 6.21431064606
1512041901335 lifecam22 2284.13037109 5165.73828125 6.20366334915
1512041901393 lifecam22 2283.48144531 5165.46679688 6.19949960709
1512041901458 lifecam22 2283.86987305 5165.52294922 6.20749282837
1512041901595 lifecam22 2283.96899414 5166.06933594 6.19977760315
1512041901658 lifecam22 2283.82397461 5166.41210938 6.19528913498
1512041901715 lifecam22 2283.98828125 5166.39746094 6.19658517838
1512041901795 lifecam22 2283.73925781 5166.35302734 6.20038461685
1512041901861 lifecam22 2283.80664062 5166.4140625 6.1957449913
1512041901991 lifecam22 2283.56494141 5166.70361328 6.20367908478
1512041902059 lifecam22 2283.56494141 5166.70361328 6.20367908478
1512041902128 lifecam22 2283.16748047 5166.25976562 6.19745016098
1512041902186 lifecam22 2284.42382812 5165.51611328 6.21650457382
1512041902268 lifecam22 2284.2121582 5165.67041016 6.21140670776
1512041902464 lifecam22 2284.25756836 5165.35253906 6.21487808228
1512041902535 lifecam22 2284.2121582 5165.67041016 6.21140670776
1512041902593 lifecam22 2284.2121582 5165.67041016 6.21140670776
1512041902654 lifecam22 2284.25756836 5165.35253906 6.21487808228
1512041902732 lifecam22 2284.25756836 5165.35253906 6.21487808228
1512041902866 lifecam22 2283.21728516 5165.26318359 6.2036318779
1512041902930 lifecam22 2283.72705078 5165.39794922 6.20876407623
1512041902992 lifecam22 2283.47583008 5165.55175781 6.20455932617
1512041903052 lifecam22 2284.57421875 5165.46191406 6.21601057053
1512041903124 lifecam22 2283.47802734 5165.55175781 6.20492458344
1512041903333 lifecam22 2285.04614258 5165.33300781 6.21686840057
1512041903401 lifecam22 2286.07739258 5165.10302734 6.22503662109
1512041903466 lifecam22 2285.74365234 5165.67236328 6.21189403534
1512041903525 lifecam22 2284.50683594 5165.95458984 6.20639562607
1512041903603 lifecam22 2284.35571289 5166.359375 6.19443368912
1512041903733 lifecam22 2284.765625 5166.61669922 6.18664693832
1512041903806 lifecam22 2283.40966797 5166.86230469 6.19993209839
1512041903865 lifecam22 2283.78955078 5166.50195312 6.20437288284
1512041903927 lifecam22 2284.87963867 5166.06689453 6.2149720192
1512041903998 lifecam22 2286.73901367 5165.29003906 6.20301389694
1512041904138 lifecam22 2283.29296875 5165.16357422 6.19042921066
1512041904195 lifecam22 2276.08276367 5165.0 6.18692207336
1512041904266 lifecam22 2264.60449219 5164.05908203 6.16803646088
1512041904343 lifecam22 2255.39428711 5163.66503906 6.15235376358
1512041904388 lifecam22 2245.6628418 5163.82861328 6.11933088303
1512041904531 lifecam22 2224.96142578 5163.94824219 6.04805612564
1512041904592 lifecam22 2213.76757812 5165.08544922 6.01339149475
1512041904660 lifecam22 2204.73217773 5166.42480469 5.98740100861
1512041904733 lifecam22 2193.87573242 5166.93701172 5.9560251236
1512041904796 lifecam22 2183.58544922 5169.015625 5.91783952713
1512041904923 lifecam22 2164.71435547 5172.21386719 5.8482542038
1512041904996 lifecam22 2155.18994141 5174.71484375 5.79440736771
1512041905066 lifecam22 2144.60498047 5177.58349609 5.76428794861
1512041905129 lifecam22 2134.85961914 5180.34912109 5.72093963623
1512041905203 lifecam22 2125.7878418 5184.25683594 5.69279003143
1512041905348 lifecam22 2107.39135742 5194.76757812 5.6116027832
1512041905400 lifecam22 2098.59082031 5200.22021484 5.57095432281
1512041905599 lifecam22 2074.46411133 5216.07958984 5.40498399734
1512041906391 lifecam22 1993.15563965 5301.14013672 5.032807827
1512041906468 lifecam22 1993.59997559 5301.60498047 5.04187726974
1512041906594 lifecam22 1994.21960449 5301.00341797 5.0247592926
1512041906663 lifecam22 1994.02575684 5301.40136719 5.03621244431
1512041906737 lifecam22 1993.81994629 5301.91259766 5.04315757751
1512041906791 lifecam22 1993.68200684 5301.86962891 5.04261779785
1512041906862 lifecam22 1993.8939209 5301.74169922 5.04008817673
1512041906989 lifecam22 1993.75476074 5301.70019531 5.03955078125
1512041907060 lifecam22 1993.8939209 5301.74169922 5.04008817673
1512041907140 lifecam22 1993.8939209 5301.74169922 5.04008817673
1512041907210 lifecam22 1993.95178223 5301.57226562 5.03928422928
1512041907412 lifecam22 1994.02575684 5301.40136719 5.03621244431
1512041907459 lifecam22 1993.81994629 5301.91259766 5.04315757751
1512041907531 lifecam22 1993.95178223 5301.57226562 5.03928422928
1512041907597 lifecam22 1993.77770996 5302.05664062 5.04240465164
1512041907661 lifecam22 1993.94006348 5301.55615234 5.04216337204
1512041907873 lifecam22 1993.8939209 5301.74169922 5.04008817673
1512041907995 lifecam22 1993.8939209 5301.74169922 5.04008817673
1512041908066 lifecam22 1994.15466309 5301.12304688 5.02890396118
1512041908402 lifecam22 1993.81994629 5301.91259766 5.04315757751
1512041908472 lifecam22 1993.8939209 5301.74169922 5.04008817673
1512041908532 lifecam22 1993.70056152 5301.48388672 5.03911924362
1512041908666 lifecam22 1993.8939209 5301.74169922 5.04008817673
1512041908796 lifecam22 1993.81994629 5301.91259766 5.04315757751
1512041908875 lifecam22 1993.81994629 5301.91259766 5.04315757751
