1512041850854 lifecam22 2147.33447266 5085.30761719 6.26069927216
1512041850921 lifecam22 2147.1003418 5085.12744141 6.26146554947
1512041850987 lifecam22 2147.30981445 5085.11816406 6.25770568848
1512041851047 lifecam22 2147.33447266 5085.30761719 6.26069927216
1512041851193 lifecam22 2147.30981445 5085.11816406 6.25770568848
1512041851259 lifecam22 2147.28710938 5084.93212891 6.25504112244
1512041851325 lifecam22 2147.30981445 5085.11816406 6.25770568848
1512041851391 lifecam22 2147.30981445 5085.11816406 6.25770568848
1512041851449 lifecam22 2147.11108398 5085.33007812 6.25659799576
1512041851528 lifecam22 2147.3269043 5085.93066406 6.25495624542
1512041851597 lifecam22 2146.83496094 5086.06640625 6.26189279556
1512041851661 lifecam22 2147.31396484 5086.23144531 6.25061130524
1512041851727 lifecam22 2146.65917969 5086.07324219 6.26274728775
1512041851788 lifecam22 2147.31054688 5086.38574219 6.24894428253
1512041851924 lifecam22 2146.50244141 5086.2421875 6.26363039017
1512041851982 lifecam22 2146.96069336 5086.46240234 6.27905082703
1512041852058 lifecam22 2146.32568359 5086.57421875 6.26145601273
1512041852124 lifecam22 2146.17163086 5086.42822266 6.26579618454
1512041852193 lifecam22 2146.6640625 5086.38769531 6.25976896286
1512041852390 lifecam22 2146.65527344 5086.38427734 6.25891590118
1512041852463 lifecam22 2146.17163086 5086.42822266 6.26579618454
1512041852524 lifecam22 2146.83032227 5086.53564453 6.2567191124
1512041852588 lifecam22 2146.67822266 5086.40039062 6.26279067993
1512041852650 lifecam22 2146.33007812 5086.56103516 6.25840377808
1512041852791 lifecam22 2146.83032227 5086.53564453 6.2567191124
1512041852858 lifecam22 2145.98828125 5086.56835938 6.25754451752
1512041852923 lifecam22 2146.65478516 5086.54541016 6.25758218765
1512041852999 lifecam22 2146.65478516 5086.54541016 6.25758218765
1512041853062 lifecam22 2146.65478516 5086.54541016 6.25758218765
1512041853190 lifecam22 2146.66796875 5086.55078125 6.25886249542
1512041853261 lifecam22 2146.83032227 5086.53564453 6.2567191124
1512041853313 lifecam22 2146.65478516 5086.54541016 6.25758218765
1512041853392 lifecam22 2147.30908203 5086.54248047 6.24761247635
1512041853460 lifecam22 2146.65478516 5086.54541016 6.25758218765
1512041853592 lifecam22 2146.83032227 5086.53564453 6.2567191124
1512041853659 lifecam22 2146.83032227 5086.53564453 6.2567191124
1512041853721 lifecam22 2146.48828125 5086.55908203 6.25930309296
1512041853796 lifecam22 2146.65478516 5086.54541016 6.25758218765
1512041853860 lifecam22 2146.49291992 5086.3984375 6.26105976105
1512041853992 lifecam22 2146.66357422 5086.54882812 6.25843572617
1512041854060 lifecam22 2146.83032227 5086.53564453 6.2567191124
1512041854120 lifecam22 2146.65527344 5086.38427734 6.25891590118
1512041854193 lifecam22 2146.54345703 5086.43994141 6.27100944519
1512041854248 lifecam22 2146.83056641 5086.375 6.25805521011
1512041854388 lifecam22 2146.50634766 5085.80566406 6.28160429001
1512041854447 lifecam22 2146.82275391 5085.5 0.000854913319927
1512041854526 lifecam22 2147.30981445 5085.11816406 6.25770568848
1512041854596 lifecam22 2147.47973633 5084.75488281 6.25641155243
1512041854658 lifecam22 2147.87231445 5083.72949219 6.25662326813
1512041854847 lifecam22 2148.27587891 5082.75390625 6.26360988617
1512041854918 lifecam22 2148.38647461 5082.0 0.00111860432662
1512041854986 lifecam22 2149.31591797 5082.41943359 6.26755857468
1512041855055 lifecam22 2149.31640625 5082.97900391 6.25213813782
1512041855118 lifecam22 2147.61303711 5084.11816406 6.24082899094
1512041855325 lifecam22 2151.73925781 5085.05761719 6.2273311615
1512041855401 lifecam22 2150.60058594 5085.5 6.24975347519
1512041855454 lifecam22 2152.80175781 5085.27636719 6.2401099205
1512041855526 lifecam22 2152.81884766 5085.5 6.24397993088
1512041855582 lifecam22 2149.34326172 5085.5 6.27924346924
1512041855737 lifecam22 2129.31640625 5085.5 6.26836299896
1512041855789 lifecam22 2121.5 5085.5 6.28318500519
1512041855861 lifecam22 2113.6003418 5085.5 6.26521253586
1512041855920 lifecam22 2102.87548828 5085.64257812 6.23176908493
1512041855987 lifecam22 2095.28369141 5084.81347656 6.21615219116
1512041856201 lifecam22 2064.34545898 5083.84472656 6.12315797806
1512041856256 lifecam22 2054.51367188 5083.55224609 6.09597682953
1512041856331 lifecam22 2042.61865234 5084.97705078 6.05521631241
1512041856383 lifecam22 2034.20581055 5084.84765625 6.02358961105
1512041856464 lifecam22 2024.24121094 5085.61328125 5.99496269226
1512041856667 lifecam22 1992.58569336 5090.84130859 5.89346933365
1512041856733 lifecam22 1981.95800781 5093.49365234 5.85539531708
1512041856801 lifecam22 1972.29785156 5095.35058594 5.81884288788
1512041856857 lifecam22 1962.80957031 5099.3203125 5.79044103622
1512041856933 lifecam22 1953.95605469 5103.58544922 5.7479634285
1512041857121 lifecam22 1927.72973633 5116.54785156 5.63401460648
1512041857200 lifecam22 1918.89782715 5120.77734375 5.58981704712
1512041857255 lifecam22 1909.10620117 5126.45068359 5.59801626205
