1512042038736 lifecam22 2536.46166992 5126.01025391 6.17603778839
1512042038810 lifecam22 2536.7355957 5125.22607422 6.18340158463
1512042038866 lifecam22 2536.34594727 5125.11572266 6.1894569397
1512042038936 lifecam22 2536.68505859 5124.87304688 6.19002342224
1512042039140 lifecam22 2536.81298828 5124.22851562 6.19798755646
1512042039217 lifecam22 2536.82885742 5124.40087891 6.19818735123
1512042039274 lifecam22 2536.61157227 5124.24414062 6.19972658157
1512042039335 lifecam22 2536.45898438 5124.57568359 6.19406986237
1512042039404 lifecam22 2536.47314453 5124.42773438 6.19735145569
1512042039537 lifecam22 2536.26123047 5124.42041016 6.19554328918
1512042039604 lifecam22 2536.46728516 5124.57470703 6.19425201416
1512042039673 lifecam22 2536.46728516 5124.57470703 6.19425201416
1512042039732 lifecam22 2536.66992188 5124.70410156 6.18945407867
1512042039813 lifecam22 2536.47265625 5124.55126953 6.19055938721
1512042040004 lifecam22 2536.28735352 5124.59228516 6.19598007202
1512042040084 lifecam22 2536.45898438 5124.57568359 6.19406986237
1512042040140 lifecam22 2536.27661133 5124.59277344 6.19573640823
1512042040211 lifecam22 2536.46728516 5124.57470703 6.19425201416
1512042040274 lifecam22 2536.26123047 5124.42041016 6.19554328918
1512042040481 lifecam22 2536.96728516 5124.36035156 6.19497919083
1512042040542 lifecam22 2537.04003906 5124.38525391 6.19898223877
1512042040612 lifecam22 2536.8527832 5124.6875 6.18945789337
1512042040674 lifecam22 2536.48852539 5124.72363281 6.19075012207
1512042040740 lifecam22 2536.48852539 5124.72363281 6.19075012207
1512042040939 lifecam22 2535.84960938 5125.72265625 6.18618535995
1512042041001 lifecam22 2536.08178711 5126.05810547 6.17860460281
1512042041080 lifecam22 2535.71362305 5126.46679688 6.18596887589
1512042041144 lifecam22 2535.66870117 5125.91357422 6.18655920029
1512042041416 lifecam22 2535.71435547 5126.46972656 6.18288373947
1512042041477 lifecam22 2535.71435547 5126.46972656 6.18288373947
1512042041536 lifecam22 2535.54785156 5126.48681641 6.18071126938
1512042041608 lifecam22 2535.71435547 5126.46972656 6.18288373947
1512042041683 lifecam22 2535.91845703 5126.44140625 6.17989730835
1512042041818 lifecam22 2535.68530273 5126.11035156 6.18370723724
1512042041881 lifecam22 2536.41333008 5125.82421875 6.1835899353
1512042041954 lifecam22 2536.41333008 5125.82421875 6.1835899353
1512042042007 lifecam22 2536.41333008 5125.82421875 6.1835899353
1512042042091 lifecam22 2536.58227539 5125.60009766 6.18466520309
1512042042290 lifecam22 2536.21435547 5125.85302734 6.18701219559
1512042042345 lifecam22 2536.41333008 5125.82421875 6.1835899353
1512042042420 lifecam22 2537.92138672 5125.35986328 6.18241834641
1512042042489 lifecam22 2538.66796875 5124.49560547 6.20223903656
1512042042546 lifecam22 2538.37060547 5123.25439453 6.20868349075
1512042042754 lifecam22 2535.90820312 5124.22265625 6.19170379639
1512042042809 lifecam22 2538.88867188 5123.20996094 6.20771217346
1512042043006 lifecam22 2538.50732422 5123.04150391 6.20716428757
1512042043210 lifecam22 2529.24462891 5122.66162109 6.16102361679
1512042043277 lifecam22 2510.98657227 5122.85351562 6.12403964996
1512042043419 lifecam22 2492.74047852 5124.06640625 6.07862520218
1512042043621 lifecam22 2461.734375 5125.59375 5.96298313141
1512042043674 lifecam22 2451.05761719 5126.44287109 5.94428110123
1512042043741 lifecam22 2440.95458984 5128.52685547 5.9001121521
1512042043811 lifecam22 2430.69775391 5130.63671875 5.86582660675
1512042043873 lifecam22 2421.47607422 5133.21337891 5.81849002838
1512042044084 lifecam22 2392.12963867 5142.83740234 5.7118639946
1512042044281 lifecam22 2364.6652832 5155.08251953 5.62352657318
1512042044339 lifecam22 2356.81347656 5160.64404297 5.56393480301
1512042044620 lifecam22 2325.05053711 5184.72265625 5.36724376678
1512042044751 lifecam22 2310.13818359 5198.40136719 5.27061367035
