1512745029832 lifecam22 2150.07128906 5760.3515625 6.14030742645
1512745029968 lifecam22 2146.99316406 5756.17480469 6.17219257355
1512745030032 lifecam22 2148.18115234 5753.83398438 6.17678594589
1512745030104 lifecam22 2148.53149414 5752.91552734 6.18254184723
1512745030166 lifecam22 2149.77661133 5751.21923828 6.21415472031
1512745030230 lifecam22 2149.05615234 5750.53955078 6.21591663361
1512745030361 lifecam22 2149.93164062 5750.86621094 6.21939945221
1512745030438 lifecam22 2149.75097656 5749.78613281 6.2304058075
1512745030510 lifecam22 2149.49951172 5748.62402344 6.24908208847
1512745030572 lifecam22 2149.49951172 5749.21630859 6.24214363098
1512745030627 lifecam22 2149.90844727 5749.76757812 6.23640060425
1512745030769 lifecam22 2150.32324219 5749.40966797 6.22563695908
1512745030838 lifecam22 2149.99243164 5749.40429688 6.23290777206
1512745030905 lifecam22 2150.33203125 5749.38037109 6.22814273834
1512745030976 lifecam22 2150.15893555 5749.59716797 6.22802734375
1512745031032 lifecam22 2150.15893555 5749.59716797 6.22802734375
1512745031237 lifecam22 2149.89501953 5749.43798828 6.23262691498
1512745031310 lifecam22 2149.74487305 5749.61767578 6.22878980637
1512745031367 lifecam22 2149.90795898 5749.96630859 6.23456287384
1512745031432 lifecam22 2149.74804688 5749.79589844 6.22740793228
1512745031505 lifecam22 2149.75537109 5749.96142578 6.23063373566
1512745031696 lifecam22 2149.75537109 5749.96142578 6.23063373566
1512745031764 lifecam22 2149.75244141 5749.78320312 6.23201465607
1512745031835 lifecam22 2149.75537109 5749.96142578 6.23063373566
1512745031899 lifecam22 2149.74487305 5749.61767578 6.22878980637
1512745031966 lifecam22 2149.34423828 5749.77832031 6.23946714401
1512745032035 lifecam22 2149.75244141 5749.78320312 6.23201465607
1512745032098 lifecam22 2149.75537109 5749.96142578 6.23063373566
1512745032164 lifecam22 2149.54882812 5749.79785156 6.23583221436
1512745032234 lifecam22 2149.49951172 5749.60351562 6.24035787582
1512745032306 lifecam22 2149.89770508 5749.81201172 6.23102235794
1512745032375 lifecam22 2149.74487305 5749.61767578 6.22878980637
1512745032434 lifecam22 2149.70507812 5749.78222656 6.24023008347
1512745032507 lifecam22 2149.70507812 5749.78222656 6.24023008347
1512745032578 lifecam22 2149.90844727 5749.76757812 6.23640060425
1512745032637 lifecam22 2149.90844727 5749.76757812 6.23640060425
1512745032840 lifecam22 2149.74487305 5749.61767578 6.22878980637
1512745032906 lifecam22 2150.02197266 5749.94287109 6.22582674026
1512745032962 lifecam22 2150.17211914 5750.28417969 6.226749897
1512745033035 lifecam22 2150.30932617 5750.09960938 6.217212677
1512745033110 lifecam22 2150.48046875 5750.27880859 6.21407699585
1512745033228 lifecam22 2150.28466797 5752.82470703 6.19873332977
1512745033302 lifecam22 2150.29833984 5753.0078125 6.20012569427
1512745033369 lifecam22 2145.99975586 5750.55517578 6.24101018906
1512745033428 lifecam22 2149.49951172 5749.76318359 6.2438750267
1512745033498 lifecam22 2149.89599609 5747.0 6.28217792511
1512745033641 lifecam22 2152.5234375 5745.60009766 6.25236272812
1512745033708 lifecam22 2152.52490234 5745.78076172 6.25322198868
1512745033776 lifecam22 2152.18457031 5745.81396484 6.24848985672
1512745033839 lifecam22 2145.32641602 5746.82666016 6.2665977478
1512745033896 lifecam22 2132.0 5746.77490234 0.0043796938844
1512745034047 lifecam22 2112.33251953 5747.34570312 0.0799226239324
1512745034105 lifecam22 2102.03369141 5747.55078125 0.105468086898
1512745034164 lifecam22 2091.86523438 5747.92285156 0.13961905241
1512745034239 lifecam22 2082.20654297 5747.69335938 0.181415140629
1512745034300 lifecam22 2072.66503906 5747.08691406 0.217371061444
1512745034444 lifecam22 2052.61328125 5746.04736328 0.303875386715
1512745034506 lifecam22 2042.86096191 5744.58105469 0.346881449223
1512745034571 lifecam22 2033.40563965 5742.87646484 0.386330902576
1512745034635 lifecam22 2023.74694824 5740.31445312 0.433882653713
1512745034714 lifecam22 2013.66174316 5738.1171875 0.469941169024
1512745034839 lifecam22 1996.1661377 5731.78808594 0.551996290684
1512745034906 lifecam22 1986.38024902 5728.80712891 0.595101475716
1512745034978 lifecam22 1977.12658691 5724.31152344 0.626488447189
1512745035044 lifecam22 1968.8338623 5719.59375 0.673972964287
1512745035107 lifecam22 1960.0045166 5715.34619141 0.714614808559
1512745035240 lifecam22 1942.64978027 5704.47363281 0.802270591259
1512745035311 lifecam22 1936.10314941 5699.02978516 0.862938344479
1512745035374 lifecam22 1928.75744629 5692.47900391 0.892375290394
1512745035436 lifecam22 1920.84289551 5686.09863281 0.953959226608
1512745035514 lifecam22 1913.4552002 5679.15039062 0.989198684692
1512745035708 lifecam22 1894.2980957 5657.14550781 1.1127281189
1512745035778 lifecam22 1888.51403809 5649.12548828 1.15579652786
1512745035851 lifecam22 1883.42407227 5641.07128906 1.20431268215
1512745035913 lifecam22 1877.62353516 5632.07861328 1.23115992546
1512745035977 lifecam22 1873.58581543 5624.43115234 1.2743819952
1512745036110 lifecam22 1872.80773926 5623.21679688 1.28417432308
1512745036181 lifecam22 1872.63659668 5623.26855469 1.28488993645
1512745036249 lifecam22 1872.63659668 5623.26855469 1.28488993645
1512745036373 lifecam22 1872.80773926 5623.21679688 1.28417432308
1512745036440 lifecam22 1872.82348633 5623.21582031 1.2856105566
1512745036511 lifecam22 1872.76000977 5623.05859375 1.28079116344
1512745036570 lifecam22 1872.80773926 5623.21679688 1.28417432308
1512745036641 lifecam22 1872.63659668 5623.26855469 1.28488993645
1512745036700 lifecam22 1872.63659668 5623.26855469 1.28488993645
1512745036781 lifecam22 1872.80773926 5623.21679688 1.28417432308
1512745036911 lifecam22 1872.63659668 5623.26855469 1.28488993645
1512745036968 lifecam22 1872.80773926 5623.21679688 1.28417432308
1512745037044 lifecam22 1872.80773926 5623.21679688 1.28417432308
1512745037109 lifecam22 1872.80773926 5623.21679688 1.28417432308
1512745037165 lifecam22 1872.63659668 5623.26855469 1.28488993645
1512745037316 lifecam22 1872.63659668 5623.26855469 1.28488993645
1512745037374 lifecam22 1872.80773926 5623.21679688 1.28417432308
1512745037452 lifecam22 1872.80773926 5623.21679688 1.28417432308
1512745037512 lifecam22 1872.80773926 5623.21679688 1.28417432308
1512745037577 lifecam22 1872.63659668 5623.26855469 1.28488993645
1512745037718 lifecam22 1872.80773926 5623.21679688 1.28417432308
1512745037787 lifecam22 1872.80773926 5623.21679688 1.28417432308
1512745037851 lifecam22 1872.80773926 5623.21679688 1.28417432308
1512745037907 lifecam22 1872.99475098 5623.1640625 1.2848931551
1512745037970 lifecam22 1872.80432129 5623.22753906 1.28753602505
1512745038123 lifecam22 1872.63659668 5623.26855469 1.28488993645
1512745038179 lifecam22 1872.82348633 5623.21582031 1.2856105566
1512745038245 lifecam22 1872.99475098 5623.1640625 1.2848931551
1512745038305 lifecam22 1872.57324219 5623.05419922 1.28159141541
