1512744072967 lifecam22 2515.01049805 5452.80419922 6.06738853455
1512744073039 lifecam22 2515.01049805 5452.80419922 6.06738853455
1512744073091 lifecam22 2515.01049805 5452.80419922 6.06738853455
1512744073307 lifecam22 2515.10546875 5453.51367188 6.05095624924
1512744073364 lifecam22 2515.53808594 5453.55273438 6.05491161346
1512744073440 lifecam22 2518.32324219 5452.29003906 6.05923509598
1512744073504 lifecam22 2518.47583008 5452.54394531 6.05644989014
1512744073572 lifecam22 2518.32763672 5452.83349609 6.05530881882
1512744073702 lifecam22 2512.1809082 5451.79248047 6.07328748703
1512744073773 lifecam22 2509.83789062 5450.52197266 6.07826137543
1512744073830 lifecam22 2508.04150391 5449.57568359 6.11103057861
1512744073899 lifecam22 2506.69116211 5449.60400391 6.09656906128
1512744073969 lifecam22 2504.75048828 5447.40527344 6.12722826004
1512744074243 lifecam22 2502.45019531 5439.57714844 6.17694377899
1512744074299 lifecam22 2502.14599609 5439.65283203 6.17411088943
1512744074370 lifecam22 2502.23193359 5438.91601562 6.1819562912
1512744074441 lifecam22 2502.43457031 5438.89160156 6.18072319031
1512744074641 lifecam22 2502.31689453 5439.94775391 6.17194986343
1512744074705 lifecam22 2501.6171875 5440.37207031 6.16787147522
1512744074764 lifecam22 2501.81762695 5440.34033203 6.1653752327
1512744074840 lifecam22 2502.36816406 5439.79931641 6.17290210724
1512744074907 lifecam22 2504.13037109 5439.23681641 6.17416715622
1512744075106 lifecam22 2504.69458008 5438.96728516 6.18285894394
1512744075182 lifecam22 2506.60571289 5437.86767578 6.19735860825
1512744075233 lifecam22 2510.08886719 5437.63818359 6.19179153442
1512744075305 lifecam22 2514.12573242 5437.28320312 6.20649194717
1512744075377 lifecam22 2520.05224609 5437.07128906 6.21654176712
1512744075570 lifecam22 2534.78759766 5435.12841797 6.21814966202
1512744075630 lifecam22 2534.05419922 5430.57275391 6.21123123169
1512744075712 lifecam22 2532.50488281 5428.51025391 6.2031826973
1512744075775 lifecam22 2532.44702148 5428.953125 6.21073675156
1512744075834 lifecam22 2531.00830078 5428.98583984 6.19890785217
1512744076041 lifecam22 2531.58007812 5428.94335938 6.1955165863
1512744076103 lifecam22 2531.37695312 5428.61279297 6.1963801384
1512744076178 lifecam22 2531.91650391 5428.37011719 6.20113420486
1512744076244 lifecam22 2531.95483398 5428.90917969 6.19805049896
1512744076311 lifecam22 2531.91430664 5428.37109375 6.20156240463
1512744076511 lifecam22 2532.67919922 5427.46582031 6.2124209404
1512744076568 lifecam22 2532.62451172 5427.60986328 6.20673036575
1512744076646 lifecam22 2533.02441406 5427.91357422 6.20841550827
1512744076699 lifecam22 2533.06933594 5427.62304688 6.21453285217
1512744076767 lifecam22 2532.84985352 5427.92919922 6.20667028427
1512744076966 lifecam22 2533.49853516 5428.26757812 6.19718694687
1512744077044 lifecam22 2532.83544922 5427.73876953 6.2089138031
1512744077117 lifecam22 2532.44897461 5427.96435547 6.20199298859
1512744077168 lifecam22 2532.49902344 5427.67773438 6.20805597305
1512744077236 lifecam22 2532.48388672 5427.48193359 6.21027755737
1512744077453 lifecam22 2532.43359375 5427.79003906 6.21127080917
1512744077512 lifecam22 2532.45800781 5428.12890625 6.20551395416
1512744077637 lifecam22 2532.13769531 5428.89111328 6.19807004929
1512744077706 lifecam22 2532.50756836 5428.85791016 6.20064306259
1512744077839 lifecam22 2533.27050781 5427.78125 6.22105884552
1512744077903 lifecam22 2534.12182617 5428.39404297 6.21497869492
1512744077978 lifecam22 2533.85302734 5428.99511719 6.21926212311
1512744078039 lifecam22 2533.84448242 5428.41943359 6.21497011185
1512744078109 lifecam22 2533.46679688 5428.59521484 6.21480369568
1512744078304 lifecam22 2533.73852539 5429.1484375 6.20875644684
1512744078377 lifecam22 2533.54150391 5429.11767578 6.21194982529
1512744078444 lifecam22 2533.53955078 5429.72119141 6.21681547165
1512744078514 lifecam22 2533.55517578 5430.07470703 6.21596622467
1512744078581 lifecam22 2533.39355469 5430.41943359 6.2140955925
1512744078771 lifecam22 2532.42602539 5428.20068359 6.21281385422
1512744078847 lifecam22 2533.86181641 5425.77001953 6.23614788055
1512744078904 lifecam22 2533.49902344 5425.41015625 6.2450966835
1512744078973 lifecam22 2533.6640625 5425.04785156 6.24103069305
1512744079046 lifecam22 2533.49902344 5425.41015625 6.2450966835
1512744079246 lifecam22 2510.23852539 5428.36669922 0.0151054291055
1512744079309 lifecam22 2500.93408203 5428.87890625 0.0502508357167
1512744079383 lifecam22 2490.89990234 5429.72558594 0.0798092484474
1512744079441 lifecam22 2480.46972656 5430.09814453 0.12212318182
1512744079517 lifecam22 2470.49316406 5430.24169922 0.158533036709
1512744079662 lifecam22 2449.81982422 5429.41552734 0.236009389162
1512744079715 lifecam22 2440.54296875 5428.65771484 0.270055800676
1512744079786 lifecam22 2429.91894531 5427.08642578 0.310436785221
1512744079844 lifecam22 2420.69165039 5425.26660156 0.361012876034
1512744079916 lifecam22 2411.03588867 5423.75146484 0.401478230953
1512744080111 lifecam22 2382.23413086 5415.22802734 0.521122395992
1512744080250 lifecam22 2363.61083984 5407.90625 0.597223639488
1512744080320 lifecam22 2354.72265625 5404.53222656 0.632989764214
1512744080379 lifecam22 2345.37988281 5399.81738281 0.6893466115
1512744080647 lifecam22 2312.17407227 5376.19970703 0.892492294312
1512744080707 lifecam22 2304.12695312 5369.890625 0.935789704323
1512744080785 lifecam22 2296.80541992 5363.59765625 0.984143793583
1512744080847 lifecam22 2289.11425781 5357.21630859 1.02449846268
1512744081057 lifecam22 2271.11206055 5336.78222656 1.12817168236
1512744081175 lifecam22 2259.92480469 5320.03613281 1.2220184803
1512744081253 lifecam22 2254.87109375 5311.31542969 1.26605522633
1512744081306 lifecam22 2250.62988281 5303.95849609 1.29809236526
1512744081587 lifecam22 2249.66748047 5302.62744141 1.30171000957
1512744081648 lifecam22 2249.85253906 5302.57910156 1.30243647099
1512744081718 lifecam22 2249.66748047 5302.62744141 1.30171000957
1512744081981 lifecam22 2250.01611328 5302.52929688 1.29981529713
1512744082048 lifecam22 2250.01611328 5302.52929688 1.29981529713
1512744082112 lifecam22 2249.85253906 5302.57910156 1.30243647099
1512744082191 lifecam22 2249.85253906 5302.57910156 1.30243647099
1512744082242 lifecam22 2249.85253906 5302.57910156 1.30243647099
1512744082455 lifecam22 2249.85449219 5302.57421875 1.30050051212
1512744082513 lifecam22 2249.85449219 5302.57421875 1.30050051212
1512744082588 lifecam22 2249.85449219 5302.57421875 1.30050051212
1512744082643 lifecam22 2249.66748047 5302.62744141 1.30171000957
1512744082710 lifecam22 2249.66748047 5302.62744141 1.30171000957
1512744082921 lifecam22 2249.85253906 5302.57910156 1.30243647099
1512744083063 lifecam22 2249.66748047 5302.62744141 1.30171000957
1512744083115 lifecam22 2249.85253906 5302.57910156 1.30243647099
1512744083179 lifecam22 2250.03955078 5302.52587891 1.30122983456
1512744083394 lifecam22 2250.03955078 5302.52587891 1.30122983456
1512744083453 lifecam22 2249.83154297 5302.57763672 1.2990899086
1512744083524 lifecam22 2250.01611328 5302.52929688 1.29981529713
1512744083578 lifecam22 2249.85449219 5302.57421875 1.30050051212
1512744083651 lifecam22 2249.85449219 5302.57421875 1.30050051212
1512744083853 lifecam22 2250.03955078 5302.52587891 1.30122983456
1512744083914 lifecam22 2249.85253906 5302.57910156 1.30243647099
1512744083988 lifecam22 2249.66748047 5302.62744141 1.30171000957
1512744084123 lifecam22 2249.85253906 5302.57910156 1.30243647099
1512744084260 lifecam22 2250.203125 5302.47607422 1.29860627651
1512744084322 lifecam22 2249.85253906 5302.57910156 1.30243647099
1512744084377 lifecam22 2249.66748047 5302.62744141 1.30171000957
1512744084446 lifecam22 2249.83154297 5302.57763672 1.2990899086
