1512744050870 lifecam22 2530.85058594 5424.15771484 6.24879932404
1512744051069 lifecam22 2530.85058594 5424.15771484 6.24879932404
1512744051141 lifecam22 2530.85058594 5424.15771484 6.24879932404
1512744051201 lifecam22 2530.85058594 5424.15771484 6.24879932404
1512744051276 lifecam22 2530.85058594 5424.15771484 6.24879932404
1512744051338 lifecam22 2530.85058594 5424.15771484 6.24879932404
1512744051537 lifecam22 2530.18652344 5423.81689453 6.24805450439
1512744051601 lifecam22 2530.5234375 5423.60009766 6.25236368179
1512744051675 lifecam22 2529.62036133 5423.66796875 6.24538421631
1512744051738 lifecam22 2529.07324219 5424.52783203 6.23538398743
1512744051805 lifecam22 2529.08300781 5424.71044922 6.23362588882
1512744051951 lifecam22 2527.49951172 5426.43652344 6.25143051147
1512744051996 lifecam22 2527.66430664 5426.89160156 6.24275827408
1512744052074 lifecam22 2527.49951172 5426.60253906 6.2540397644
1512744052147 lifecam22 2527.49951172 5426.43652344 6.25143051147
1512744052198 lifecam22 2527.6730957 5426.93994141 6.25451517105
1512744052407 lifecam22 2527.84765625 5426.92285156 6.25102138519
1512744052469 lifecam22 2527.84765625 5426.92285156 6.25102138519
1512744052548 lifecam22 2528.01074219 5426.74951172 6.24489021301
1512744052603 lifecam22 2528.52270508 5426.86230469 6.2347817421
1512744052679 lifecam22 2528.0 5426.58886719 6.24225997925
1512744052812 lifecam22 2528.37695312 5426.87841797 6.2436299324
1512744052870 lifecam22 2528.18188477 5427.82910156 6.23319911957
1512744052948 lifecam22 2528.015625 5427.06884766 6.24439477921
1512744053015 lifecam22 2527.83447266 5426.58740234 6.24697303772
1512744053076 lifecam22 2527.49951172 5426.57470703 6.25617408752
1512744053270 lifecam22 2528.00439453 5428.23779297 6.23125123978
1512744053340 lifecam22 2528.6940918 5429.06982422 6.21541786194
1512744053405 lifecam22 2528.15966797 5428.06787109 6.2251162529
1512744053480 lifecam22 2528.01611328 5426.72900391 6.24700593948
1512744053544 lifecam22 2527.83935547 5426.56982422 6.24945783615
1512744053683 lifecam22 2527.83935547 5426.56982422 6.24945783615
1512744053739 lifecam22 2527.83935547 5426.56982422 6.24945783615
1512744053814 lifecam22 2527.83935547 5426.56982422 6.24945783615
1512744053880 lifecam22 2528.01098633 5426.55224609 6.24641609192
1512744053933 lifecam22 2528.02270508 5427.10107422 6.24651861191
1512744054070 lifecam22 2528.01708984 5427.91162109 6.23804187775
1512744054149 lifecam22 2527.66821289 5428.63769531 6.22522068024
1512744054212 lifecam22 2528.00097656 5429.70605469 6.21890735626
1512744054279 lifecam22 2528.34082031 5429.46923828 6.21504735947
1512744054348 lifecam22 2528.0144043 5428.93896484 6.21849966049
1512744054482 lifecam22 2527.98657227 5428.96679688 6.21959447861
1512744054550 lifecam22 2528.00830078 5430.22509766 6.21774673462
1512744054613 lifecam22 2528.18017578 5430.20117188 6.21511363983
1512744054679 lifecam22 2528.3984375 5430.54248047 6.21699237823
1512744054749 lifecam22 2529.08740234 5431.51904297 6.20390033722
1512744054943 lifecam22 2531.47973633 5434.62695312 6.16085004807
1512744055019 lifecam22 2531.49365234 5436.38671875 6.14093160629
1512744055079 lifecam22 2530.29150391 5434.61767578 6.16078233719
1512744055150 lifecam22 2528.53173828 5432.33447266 6.18615341187
1512744055214 lifecam22 2528.18017578 5429.67285156 6.21899223328
1512744055352 lifecam22 2528.52368164 5428.18408203 6.22473192215
1512744055419 lifecam22 2528.33862305 5427.77636719 6.22715902328
1512744055472 lifecam22 2528.70629883 5427.50439453 6.22940635681
1512744055546 lifecam22 2528.50732422 5427.82470703 6.22390651703
1512744055614 lifecam22 2528.69506836 5429.26611328 6.21403026581
1512744055747 lifecam22 2528.84643555 5429.93408203 6.21460914612
1512744055816 lifecam22 2528.69018555 5429.42724609 6.21197652817
1512744055886 lifecam22 2528.83007812 5429.19970703 6.21724033356
1512744055942 lifecam22 2528.66333008 5429.60058594 6.21838951111
1512744056016 lifecam22 2528.86352539 5428.42138672 6.22864294052
1512744056215 lifecam22 2528.84863281 5429.18505859 6.22080659866
1512744056287 lifecam22 2528.86743164 5430.63818359 6.21327114105
1512744056351 lifecam22 2529.64599609 5430.375 6.21344089508
1512744056414 lifecam22 2529.64257812 5428.75048828 6.22470808029
1512744056484 lifecam22 2527.49951172 5426.9921875 6.25720691681
1512744056618 lifecam22 2530.41577148 5424.48535156 6.2521905899
1512744056677 lifecam22 2529.94262695 5424.84912109 6.25400781631
1512744056752 lifecam22 2529.94482422 5424.69482422 6.25044202805
1512744056817 lifecam22 2529.60839844 5424.69238281 6.25424718857
1512744056882 lifecam22 2529.36743164 5424.69384766 6.25546073914
1512744057015 lifecam22 2513.49975586 5424.99951172 6.28318500519
1512744057084 lifecam22 2500.11132812 5426.14697266 0.0351451076567
1512744057155 lifecam22 2492.00439453 5426.58642578 0.0712544322014
1512744057220 lifecam22 2482.26318359 5426.828125 0.0850796177983
1512744057286 lifecam22 2471.99951172 5427.45507812 0.124583661556
1512744057412 lifecam22 2452.60742188 5427.32080078 0.204548761249
1512744057482 lifecam22 2442.29516602 5427.02587891 0.248758018017
1512744057551 lifecam22 2433.00854492 5426.11230469 0.290661633015
1512744057622 lifecam22 2423.37207031 5425.68408203 0.331284821033
1512744057685 lifecam22 2413.99023438 5423.97949219 0.384842574596
1512744057823 lifecam22 2395.16259766 5419.77832031 0.476819574833
1512744057888 lifecam22 2384.60595703 5416.35253906 0.518076121807
1512744057959 lifecam22 2375.52685547 5413.04101562 0.56641036272
1512744058024 lifecam22 2366.73510742 5409.48730469 0.598260045052
1512744058083 lifecam22 2357.07519531 5405.07470703 0.6570571661
1512744058289 lifecam22 2331.84301758 5390.34277344 0.790697693825
1512744058349 lifecam22 2323.52197266 5385.13134766 0.825279831886
1512744058423 lifecam22 2315.19506836 5379.16259766 0.857035815716
1512744058488 lifecam22 2307.94824219 5372.79052734 0.909531950951
1512744058554 lifecam22 2300.46289062 5366.93798828 0.943765580654
1512744058621 lifecam22 2293.04223633 5358.98291016 0.989963769913
1512744058681 lifecam22 2287.01904297 5351.91503906 1.02637207508
1512744058756 lifecam22 2280.59960938 5344.86816406 1.07439088821
1512744058818 lifecam22 2273.82885742 5336.70556641 1.10352396965
1512744058887 lifecam22 2268.00244141 5328.69726562 1.15248942375
1512744059091 lifecam22 2252.61206055 5303.43701172 1.27770292759
1512744059148 lifecam22 2249.07910156 5297.58203125 1.29808962345
1512744059216 lifecam22 2250.01538086 5297.91455078 1.2988512516
1512744059282 lifecam22 2249.85253906 5298.15332031 1.30270338058
1512744059355 lifecam22 2250.26538086 5298.27001953 1.30559301376
1512744059491 lifecam22 2249.90380859 5298.328125 1.30538284779
1512744059553 lifecam22 2249.88891602 5298.14111328 1.29936015606
1512744059621 lifecam22 2249.77197266 5298.40185547 1.30176973343
1512744059686 lifecam22 2250.21557617 5298.1015625 1.30271625519
1512744059754 lifecam22 2249.88891602 5298.14111328 1.29936015606
1512744059960 lifecam22 2250.06665039 5298.09326172 1.29958593845
1512744060021 lifecam22 2249.67407227 5298.20068359 1.30247163773
1512744060092 lifecam22 2250.06665039 5298.09326172 1.29958593845
1512744060156 lifecam22 2250.11669922 5298.26757812 1.30226576328
1512744060226 lifecam22 2250.06494141 5298.08837891 1.30152022839
1512744060422 lifecam22 2249.88891602 5298.14111328 1.29936015606
1512744060493 lifecam22 2250.01538086 5297.91455078 1.2988512516
1512744060554 lifecam22 2249.88891602 5298.14111328 1.29936015606
1512744060620 lifecam22 2249.93969727 5298.125 1.29648089409
1512744060688 lifecam22 2250.06665039 5298.09326172 1.29958593845
1512744060823 lifecam22 2250.11669922 5298.26757812 1.30226576328
1512744060884 lifecam22 2250.26538086 5298.27001953 1.30559301376
1512744060960 lifecam22 2249.92480469 5298.12890625 1.29604041576
1512744061020 lifecam22 2250.21557617 5298.1015625 1.30271625519
1512744061088 lifecam22 2250.01538086 5297.91455078 1.2988512516
1512744061226 lifecam22 2249.72485352 5298.375 1.30515503883
1512744061282 lifecam22 2250.06665039 5298.09326172 1.29958593845
1512744061348 lifecam22 2250.21557617 5298.1015625 1.30271625519
1512744061420 lifecam22 2250.06494141 5298.08837891 1.30152022839
1512744061486 lifecam22 2250.21557617 5298.1015625 1.30271625519
1512744061619 lifecam22 2250.11669922 5298.26757812 1.30226576328
1512744061694 lifecam22 2249.75170898 5298.17529297 1.29593777657
1512744061761 lifecam22 2250.06494141 5298.08837891 1.30152022839
1512744061828 lifecam22 2250.01538086 5297.91455078 1.2988512516
1512744061874 lifecam22 2249.85253906 5298.15332031 1.30270338058
1512744062027 lifecam22 2250.06665039 5298.09326172 1.29958593845
1512744062090 lifecam22 2250.06665039 5298.09326172 1.29958593845
1512744062161 lifecam22 2250.11669922 5298.26757812 1.30226576328
1512744062227 lifecam22 2249.92480469 5298.12890625 1.29604041576
1512744062287 lifecam22 2249.85253906 5298.15332031 1.30270338058
1512744062423 lifecam22 2249.97265625 5298.30078125 1.29872703552
1512744062488 lifecam22 2250.11669922 5298.26757812 1.30226576328
1512744062559 lifecam22 2249.90380859 5298.328125 1.30538284779
1512744062626 lifecam22 2250.06665039 5298.09326172 1.29958593845
1512744062697 lifecam22 2250.06665039 5298.09326172 1.29958593845
1512744062822 lifecam22 2249.97265625 5298.30078125 1.29872703552
