1512744578892 lifecam22 2562.5 5338.65722656 6.22053623199
1512744578958 lifecam22 2558.99975586 5336.68115234 6.23585987091
1512744579085 lifecam22 2561.05175781 5333.49658203 6.22132253647
1512744579154 lifecam22 2561.05175781 5333.49658203 6.22132253647
1512744579225 lifecam22 2561.70263672 5333.07470703 6.2308382988
1512744579285 lifecam22 2561.7121582 5333.44287109 6.23122358322
1512744579356 lifecam22 2561.70263672 5333.07470703 6.2308382988
1512744579552 lifecam22 2562.21191406 5334.66650391 6.24000167847
1512744579616 lifecam22 2562.35571289 5333.95458984 6.24076604843
1512744579689 lifecam22 2561.72607422 5333.64941406 6.22940444946
1512744579756 lifecam22 2561.41357422 5334.54589844 6.22777223587
1512744579948 lifecam22 2562.04052734 5333.44580078 6.23526144028
1512744580022 lifecam22 2561.74243164 5334.18212891 6.22937822342
1512744580094 lifecam22 2561.5949707 5335.59277344 6.22339963913
1512744580160 lifecam22 2561.77832031 5334.68994141 6.23302555084
1512744580219 lifecam22 2561.89697266 5334.33007812 6.23341846466
1512744580357 lifecam22 2562.05249023 5334.31005859 6.2373085022
1512744580411 lifecam22 2561.73364258 5334.16064453 6.2312169075
1512744580490 lifecam22 2561.72949219 5333.81884766 6.22975587845
1512744580555 lifecam22 2561.72949219 5333.81884766 6.22975587845
1512744580620 lifecam22 2561.72949219 5333.81884766 6.22975587845
1512744580757 lifecam22 2561.72949219 5333.81884766 6.22975587845
1512744580819 lifecam22 2561.88745117 5333.80761719 6.23237419128
1512744580893 lifecam22 2561.72949219 5333.81884766 6.22975587845
1512744580959 lifecam22 2561.72509766 5333.64550781 6.22959709167
1512744581026 lifecam22 2561.72607422 5333.796875 6.23044729233
1512744581162 lifecam22 2561.72509766 5333.64550781 6.22959709167
1512744581220 lifecam22 2561.51269531 5333.66210938 6.23258018494
1512744581291 lifecam22 2561.72509766 5333.64550781 6.22959709167
1512744581346 lifecam22 2561.72949219 5333.81884766 6.22975587845
1512744581421 lifecam22 2561.73681641 5333.99853516 6.22934484482
1512744581554 lifecam22 2561.74658203 5334.52392578 6.2308344841
1512744581627 lifecam22 2561.73364258 5334.16064453 6.2312169075
1512744581682 lifecam22 2556.96411133 5334.29882812 6.22498893738
1512744581750 lifecam22 2562.03076172 5333.79394531 6.24121284485
1512744581821 lifecam22 2562.49975586 5330.49951172 6.28318405151
1512744582025 lifecam22 2562.49975586 5330.49951172 6.28318405151
1512744582097 lifecam22 2562.49975586 5330.49951172 6.28318405151
1512744582151 lifecam22 2558.99975586 5330.5 6.25205421448
1512744582227 lifecam22 2548.49951172 5330.49951172 6.59619445287e-07
1512744582293 lifecam22 2531.95288086 5331.73193359 0.0158005394042
1512744582432 lifecam22 2500.57958984 5332.37646484 0.0502619184554
1512744582493 lifecam22 2486.62866211 5332.484375 0.0805085301399
1512744582555 lifecam22 2469.87207031 5331.953125 0.11218982935
1512744582629 lifecam22 2454.93383789 5330.85253906 0.1338788867
1512744582697 lifecam22 2439.68017578 5329.09570312 0.163003385067
1512744582825 lifecam22 2409.01879883 5325.37304688 0.223412558436
1512744583021 lifecam22 2363.72265625 5316.15429688 0.317054361105
1512744583096 lifecam22 2349.58032227 5312.41113281 0.342125833035
1512744583361 lifecam22 2291.140625 5292.75585938 0.461373388767
1512744583426 lifecam22 2278.51000977 5286.45996094 0.476396381855
1512744583491 lifecam22 2259.64990234 5276.62255859 0.442827880383
1512744583634 lifecam22 2236.67285156 5265.54296875 0.575385987759
1512744583687 lifecam22 2223.14941406 5258.01660156 0.598720431328
1512744584161 lifecam22 2137.13793945 5193.63671875 0.827874779701
